11.00	35.22	26.22
11.00	34.28	25.82
11.02	34.03	25.47
11.02	34.02	25.45
11.03	34.07	25.12
11.03	34.14	25.09
11.05	34.22	24.97
11.05	34.34	24.80
11.07	34.46	24.76
11.07	34.58	24.63
11.08	34.66	24.66
11.08	34.71	24.62
11.10	34.80	24.75
11.10	34.91	24.63
11.12	34.96	24.49
11.12	34.98	24.53
11.13	34.99	24.48
11.13	34.99	24.53
11.15	35.02	24.30
11.15	35.02	24.35
11.17	35.05	24.31
11.17	35.10	24.36
11.18	35.16	24.30
11.18	35.17	24.54
11.20	35.17	24.31
11.20	35.16	24.36
11.22	35.12	24.32
11.22	35.10	24.35
11.23	35.05	24.22
11.23	34.92	24.27
11.25	34.80	24.22
11.25	34.73	24.26
11.27	34.66	24.30
11.27	34.61	24.27
11.28	34.54	24.24
11.28	34.48	24.26
11.30	34.38	24.14
11.30	34.29	24.18
11.32	34.21	24.02
11.32	34.19	24.18
11.33	34.18	23.90
11.33	34.18	23.97
11.35	34.21	24.03
11.35	34.25	23.89
11.37	34.29	23.90
11.37	34.32	23.98
11.38	34.32	23.90
11.38	34.32	23.89
11.40	34.28	23.99
11.40	34.19	23.98
11.42	34.13	24.00
11.42	34.07	23.88
11.43	34.03	23.91
11.43	33.98	23.77
11.45	33.95	23.82
11.45	33.97	23.76
11.47	33.98	23.81
11.47	33.99	23.76
11.48	34.00	23.81
11.48	34.05	23.01
11.50	34.10	23.82
11.50	34.14	23.76
11.52	34.15	23.81
11.52	34.18	23.76
11.53	34.20	23.83
11.53	34.22	23.75
11.55	34.22	23.81
11.55	34.20	23.76
11.57	34.17	22.97
11.57	34.14	23.03
11.58	34.08	23.08
11.58	34.04	22.94
11.60	34.00	22.98
11.60	33.96	22.92
11.62	33.93	22.70
11.62	33.90	22.83
11.63	33.87	22.88
11.63	33.89	22.64
11.65	33.91	22.90
11.65	33.95	22.83
11.67	33.98	22.70
11.67	33.99	22.84
11.68	33.95	22.88
11.68	33.92	22.84
11.70	33.89	22.90
11.70	33.86	22.83
11.72	33.80	22.88
11.72	33.74	22.85
11.73	33.67	22.89
11.73	33.56	22.66
11.75	33.44	22.72
11.75	33.36	22.55
11.77	33.27	22.62
11.77	33.22	22.40
11.78	33.23	22.43
11.78	33.29	22.38
11.80	33.36	22.43
11.80	33.44	22.42
11.82	33.51	22.62
11.82	33.62	22.41
11.83	33.73	22.61
11.83	33.81	22.68
11.85	33.88	22.61
11.85	33.94	22.78
11.87	33.97	22.90
11.87	34.01	22.79
11.88	34.06	22.69
11.88	34.10	22.70
11.90	34.13	22.88
11.90	34.18	22.99
11.92	34.29	22.87
11.92	34.47	23.00
11.93	34.70	22.88
11.93	34.95	22.98
11.95	35.25	23.05
11.95	35.60	23.06
11.97	35.95	23.85
11.97	36.29	24.00
11.98	36.60	24.14
11.98	36.90	24.28
12.00	37.13	24.31
12.00	37.33	24.55
12.02	37.53	24.48
12.02	37.71	24.72
12.03	37.85	24.75
12.03	37.99	24.82
12.05	38.08	24.94
12.05	38.17	25.10
12.07	38.25	25.12
12.07	38.28	25.37
12.08	38.27	25.31
12.08	38.18	25.44
12.10	37.99	25.48
12.10	37.85	25.55
12.12	37.80	25.68
12.12	37.80	25.54
12.13	37.90	25.48
12.13	38.12	25.72
12.15	38.33	25.67
12.15	38.57	25.72
12.17	38.80	25.77
12.17	38.99	25.90
12.18	39.09	26.04
12.18	39.09	26.19
12.20	39.09	26.14
12.20	39.00	26.28
12.22	38.87	26.13
12.22	38.79	26.28
12.23	38.81	26.22
12.23	38.88	26.46
12.25	39.02	26.21
12.25	39.22	26.27
12.27	39.43	26.33
12.27	39.65	26.44
12.28	39.86	26.48
12.28	40.03	26.55
12.30	40.13	26.65
12.30	40.20	26.64
12.32	40.26	26.83
12.32	40.29	26.92
12.33	40.36	26.82
12.33	40.43	26.80
12.35	40.55	26.92
12.35	40.70	27.16
12.37	40.85	27.20
12.37	40.97	27.24
12.38	41.09	27.28
12.38	41.22	27.33
12.40	41.34	27.37
12.40	41.45	27.30
12.42	41.58	27.56
12.42	41.69	27.60
12.43	41.74	27.54
12.43	41.77	27.60
12.45	41.79	27.73
12.45	41.81	27.69
12.47	41.82	27.93
12.47	41.82	27.97
12.48	41.83	27.93
12.48	41.86	27.86
12.50	41.92	27.93
12.50	41.91	27.69
12.52	41.88	28.01
12.52	41.85	28.02
12.53	41.85	28.04
12.53	41.89	28.06
12.55	41.99	28.08
12.55	42.13	28.10
12.57	42.24	28.12
12.57	42.34	28.14
12.58	42.43	28.16
12.58	42.55	28.18
12.60	42.64	28.20
12.60	42.70	28.30
12.62	42.77	28.45
12.62	42.82	28.67
12.63	42.87	28.84
12.63	42.97	29.04
12.65	43.07	29.07
12.65	43.14	29.12
12.67	43.25	29.19
12.67	43.40	29.22
12.68	43.56	29.16
12.68	43.68	29.20
12.70	43.79	29.18
12.70	43.85	29.50
12.72	43.88	29.44
12.72	43.89	29.40
12.73	43.87	29.51
12.73	43.88	29.48
12.75	43.92	29.48
12.75	43.97	29.56
12.77	44.07	29.48
12.77	44.19	29.57
12.78	44.28	29.78
12.78	44.35	29.72
12.80	44.37	29.78
12.80	44.38	29.80
12.82	44.39	29.86
12.82	44.37	29.90
12.83	44.36	30.14
12.83	44.38	30.08
12.85	44.41	30.14
12.85	44.45	30.19
12.87	44.48	30.24
12.87	44.44	30.19
12.88	44.34	30.14
12.88	44.24	30.08
12.90	44.18	30.13
12.90	44.13	29.90
12.92	44.13	29.95
13.08	42.27	29.50
13.10	42.29	29.53
13.10	42.39	29.49
13.12	42.51	29.44
13.12	42.64	29.49
13.13	42.77	29.45
13.20	43.07	29.30
13.22	42.90	29.11
13.22	42.82	29.18
13.23	42.80	29.25
13.23	42.87	29.26
13.25	42.91	29.27
13.25	42.98	29.28
13.27	43.07	29.29
13.27	43.10	29.30
13.28	43.12	29.31
13.28	43.15	29.32
13.30	43.22	29.33
13.30	43.28	29.34
13.32	43.40	29.48
13.32	43.54	29.71
13.33	43.68	29.95
13.42	44.59	30.59
13.43	44.71	30.69
13.43	44.80	30.79
13.45	44.88	30.97
13.45	44.99	30.96
13.47	45.10	31.07
13.47	45.21	31.02
13.48	45.29	31.35
13.48	45.38	31.32
13.50	45.47	31.16
13.50	45.58	31.30
13.52	45.69	31.44
13.52	45.79	31.49
13.53	45.86	31.53
13.53	45.90	31.67
13.55	45.90	31.73
13.55	45.90	31.76
13.57	45.94	31.72
13.57	46.00	31.76
13.58	46.02	31.73
13.58	46.00	31.86
13.60	45.98	31.82
13.60	45.97	31.85
13.62	45.91	31.91
13.62	45.80	31.77
13.63	45.67	31.82
13.63	45.53	31.79
13.65	45.44	31.83
13.65	45.35	31.77
13.67	45.33	31.80
13.67	45.31	31.81
13.68	45.30	31.80
13.68	45.33	31.81
13.70	45.38	31.81
13.70	45.41	31.82
13.72	45.37	31.79
13.72	45.39	31.82
13.73	45.48	31.80
13.73	45.60	31.92
13.75	45.62	32.04
13.75	45.48	32.10
13.77	45.31	31.85
13.77	45.19	31.92
13.78	45.10	31.87
13.78	44.87	31.92
13.80	44.52	32.05
13.80	44.29	31.92
13.82	44.19	31.75
13.82	44.19	31.71
13.83	44.30	31.66
13.83	44.41	31.83
13.85	44.46	31.78
13.85	44.46	31.83
13.87	44.47	31.72
13.87	44.51	31.81
13.88	44.67	31.80
13.88	44.84	31.92
13.90	44.91	31.89
13.90	44.79	31.90
13.92	44.47	31.90
13.92	44.17	31.80
13.93	43.99	31.83
13.93	43.98	31.81
13.95	44.01	31.83
13.95	44.07	31.80
13.97	44.18	31.73
13.97	44.32	31.70
13.98	44.49	31.72
13.98	44.64	31.77
14.00	44.77	31.92
14.27	45.41	32.89
14.27	45.32	32.85
14.28	45.31	32.77
14.28	45.33	32.84
14.30	45.33	32.83
14.30	45.34	32.67
14.32	45.38	32.83
14.32	45.38	32.86
14.33	45.41	32.76
14.33	45.50	32.85
14.35	45.60	32.84
14.35	45.64	32.83
14.37	45.73	32.93
14.37	45.81	32.93
14.38	45.86	33.15
14.38	45.92	33.02
14.40	45.97	33.13
14.40	45.99	33.10
14.42	45.95	33.33
14.42	45.94	33.10
14.43	45.95	33.33
14.43	45.94	33.07
14.45	45.94	33.31
14.50	45.90	33.32
14.50	45.92	33.51
14.52	45.91	33.37
14.52	45.91	33.72
14.53	45.89	33.45
14.53	45.85	33.50
14.55	45.80	33.46
14.55	45.72	33.52
14.57	45.68	33.46
14.57	45.66	33.31
14.58	45.67	33.36
14.58	45.61	33.41
14.60	45.55	33.36
14.60	45.51	33.42
14.62	45.47	33.47
14.62	45.42	33.33
14.63	45.39	33.37
14.63	45.34	33.42
14.65	45.28	33.37
14.65	45.22	33.40
14.67	45.14	33.45
14.67	45.12	33.40
14.68	45.17	33.43
14.68	45.28	33.31
14.70	45.40	33.48
14.70	45.46	33.40
14.72	45.41	33.41
14.72	45.24	33.66
14.73	45.06	33.51
14.73	44.98	33.45
14.75	45.02	33.51
14.75	45.13	33.46
14.77	45.28	33.51
14.77	45.37	33.64
14.78	45.29	33.52
14.78	45.05	33.47
14.80	44.80	33.41
14.80	44.59	33.27
14.82	44.46	33.43
14.82	44.29	33.36
14.83	44.23	33.33
14.83	44.29	33.27
14.85	44.45	33.43
14.85	44.62	33.27
14.87	44.73	33.41
14.87	44.74	33.27
14.88	44.73	33.31
14.88	44.76	33.29
14.90	44.74	33.13
14.90	44.70	33.28
14.92	44.65	33.33
14.92	44.61	33.36
14.93	44.63	33.41
14.93	44.68	33.53
14.95	44.74	33.50
14.95	44.81	33.50
14.97	44.85	33.49
14.97	44.80	33.71
14.98	44.78	33.50
14.98	44.79	33.72
15.00	44.79	33.48
15.00	44.77	33.52
15.02	44.72	33.46
15.02	44.66	33.70
15.03	44.63	33.45
15.03	44.61	33.51
15.05	44.58	33.46
15.05	44.49	33.71
15.07	44.40	33.35
15.07	44.38	33.50
15.08	44.37	33.37
15.08	44.34	33.70
15.10	44.33	33.47
15.10	44.35	33.70
15.12	44.40	33.45
15.12	44.39	33.41
15.13	44.36	33.46
15.13	44.27	33.50
15.15	44.17	33.36
15.15	44.06	33.51
15.17	44.02	33.38
15.17	44.07	33.40
15.18	44.12	33.46
15.18	44.16	33.41
15.20	44.17	33.48
15.20	44.14	33.52
15.22	44.11	33.48
15.22	44.03	33.52
15.23	43.99	33.51
15.23	43.93	33.52
15.25	43.90	33.33
15.25	43.87	33.40
15.27	43.82	33.43
15.27	43.79	33.42
15.28	43.85	33.43
15.28	43.88	33.40
15.30	43.91	33.42
15.30	43.94	33.49
15.32	43.94	33.51
15.32	43.94	33.37
15.33	43.96	33.43
15.33	44.02	33.45
15.35	44.04	33.51
15.35	44.04	33.45
15.37	44.06	33.51
15.37	44.08	33.47
15.38	44.11	33.52
15.38	44.15	33.66
15.40	44.15	33.50
15.40	44.13	33.46
15.42	44.13	33.70
15.42	44.16	33.66
15.43	44.21	33.69
15.43	44.24	33.75
15.45	44.23	33.79
15.45	44.17	33.67
15.47	44.09	33.79
15.47	43.98	33.77
15.48	43.84	33.80
15.48	43.79	33.73
15.50	43.75	33.90
15.50	43.73	33.78
15.52	43.69	33.69
15.52	43.63	33.71
15.53	43.51	33.69
15.53	43.43	33.70
15.55	43.39	33.70
15.55	43.34	33.71
15.57	43.31	33.69
15.57	43.30	33.72
15.58	43.29	33.47
15.58	43.33	33.52
15.60	43.34	33.37
15.60	43.29	33.51
15.62	43.24	33.46
15.62	43.21	33.51
15.63	43.18	33.47
15.63	43.10	33.43
15.65	43.01	33.65
15.65	42.92	33.52
15.67	42.84	33.46
15.67	42.82	33.52
15.68	42.81	33.45
15.68	42.84	33.43
15.70	42.85	33.47
15.70	42.85	33.52
15.72	42.80	33.38
15.72	42.68	33.41
15.73	42.51	33.38
15.73	42.35	33.41
15.75	42.19	33.29
15.75	42.05	33.43
15.77	41.97	33.09
15.77	41.87	33.03
15.78	41.87	33.07
15.78	41.94	33.03
15.80	41.95	33.12
15.80	41.89	33.03
15.82	41.82	33.05
15.82	41.71	33.03
15.83	41.63	33.06
15.83	41.56	32.83
15.85	41.49	33.06
15.85	41.45	32.65
15.87	41.42	32.85
15.87	41.37	32.84
15.88	41.27	32.56
15.88	41.16	32.63
15.90	41.18	32.68
15.90	41.27	32.52
15.92	41.37	32.68
15.92	41.44	32.51
15.93	41.48	32.67
15.93	41.48	32.51
15.95	41.49	32.67
15.95	41.49	32.43
15.97	41.55	32.67
15.97	41.63	32.52
15.98	41.72	32.67
15.98	41.74	32.63
16.00	41.80	32.87
16.00	41.91	32.81
16.02	41.99	32.85
16.02	42.04	32.82
16.03	42.09	32.85
16.03	42.07	32.89
16.05	41.99	32.95
16.05	41.77	32.91
16.07	41.51	32.85
16.07	41.22	32.83
16.08	40.95	32.67
16.08	40.74	32.54
16.10	40.62	32.67
16.10	40.63	32.69
16.12	40.78	32.67
16.12	41.01	32.58
16.13	41.21	32.55
16.13	41.34	32.58
16.15	41.39	32.87
16.15	41.39	32.66
16.17	41.45	32.63
16.17	41.54	32.87
16.18	41.59	32.83
16.30	41.17	32.85
16.32	41.26	32.86
16.45	38.64	32.30
16.48	38.39	31.87
16.48	38.31	31.78
16.50	38.25	31.74
16.50	38.29	31.70
16.52	38.43	31.55
16.52	38.57	31.49
16.53	38.66	31.46
16.53	38.73	31.58
16.55	38.76	31.55
16.55	38.72	31.64
16.57	38.63	31.72
16.57	38.53	31.55
16.58	38.49	31.45
16.58	38.50	31.46
16.60	38.55	31.33
16.60	38.57	31.44
16.62	38.54	31.42
16.62	38.50	31.35
16.63	38.42	31.34
16.63	38.36	31.16
16.65	38.34	31.13
16.65	38.40	31.17
16.67	38.48	31.31
16.67	38.59	31.17
16.68	38.68	31.11
16.68	38.72	31.18
16.70	38.64	31.12
16.70	38.52	31.16
16.72	38.45	31.12
16.72	38.35	31.37
16.73	38.23	31.11
16.73	38.14	31.08
16.75	38.08	31.12
16.75	38.08	31.07
16.77	38.17	31.13
16.77	38.24	31.08
16.78	38.24	31.03
16.78	38.19	31.17
16.80	38.16	31.11
16.80	38.18	31.18
16.82	38.20	31.31
16.82	38.19	31.17
16.83	38.17	31.04
16.83	38.11	31.07
16.85	38.05	31.03
16.85	38.01	31.09
16.87	37.96	31.08
16.87	37.92	31.08
16.88	37.87	31.04
16.88	37.82	31.08
16.90	37.76	30.98
16.90	37.68	31.08
16.92	37.61	31.00
16.92	37.60	30.99
16.93	37.59	30.81
16.93	37.58	30.70
16.95	37.55	30.79
16.95	37.55	30.79
16.97	37.57	30.69
16.97	37.57	30.67
16.98	37.59	30.81
16.98	37.64	30.77
17.00	37.66	30.70
17.00	37.67	30.93
