11.0000	1.0000	49.1018	25.0000	0.2036	1.0000	1.0000	42.0546	25.0000	0.2919	0.9354	1.0000	37.3565	25.0000	0.3751	0.8832	1.0000	35.2838	25.0000	0.4201	0.8605	1.0000	32.4626	25.0000	0.4916	0.8300
11.1000	0.9813	50.9674	27.6253	0.1775	0.8379	0.9817	43.3753	25.4578	0.2604	0.8746	0.9819	38.3140	23.7610	0.3404	0.9127	0.9820	36.0810	22.9264	0.3843	0.9346	0.9822	33.0417	21.6971	0.4549	0.9708
11.2000	0.9630	49.8236	28.4191	0.1949	0.8176	0.9637	42.6049	25.9264	0.2814	0.8728	0.9642	37.7925	24.0915	0.3634	0.9207	0.9644	35.6694	23.2532	0.4080	0.9443	0.9647	32.7796	22.1081	0.4791	0.9776
11.3000	0.9450	48.2190	27.9169	0.2108	0.8359	0.9461	41.5118	25.4072	0.2975	0.8953	0.9469	37.0404	23.6247	0.3780	0.9431	0.9472	35.0677	22.8214	0.4211	0.9659	0.9476	32.3826	21.7181	0.4892	0.9982
11.4000	0.9275	47.5881	27.1600	0.2172	0.8679	0.9289	41.0852	24.7943	0.3037	0.9238	0.9299	36.7500	23.1909	0.3833	0.9641	0.9303	34.8374	22.4933	0.4258	0.9816	0.9309	32.2341	21.5130	0.4924	1.0077
11.5000	0.9103	47.5039	26.7744	0.2176	0.8821	0.9121	41.0353	24.5187	0.3038	0.9343	0.9132	36.7229	23.0576	0.3830	0.9677	0.9137	34.8204	22.3923	0.4252	0.9837	0.9144	32.2308	21.4556	0.4914	1.0076
11.6000	0.8935	47.5666	26.7259	0.2168	0.8805	0.8956	41.0973	24.5411	0.3027	0.9297	0.8969	36.7844	23.1074	0.3815	0.9621	0.8975	34.8816	22.4436	0.4235	0.9783	0.8982	32.2918	21.5068	0.4894	1.0026
11.7000	0.8770	45.5368	26.8418	0.2268	0.8326	0.8793	39.6821	24.6600	0.3079	0.8772	0.8808	35.7790	23.2169	0.3804	0.9068	0.8815	34.0570	22.5471	0.4183	0.9216	0.8824	31.7133	21.6006	0.4772	0.9439
11.8000	0.8609	45.8026	26.1896	0.2297	0.8786	0.8634	39.8744	24.2206	0.3129	0.9172	0.8651	35.9222	22.9494	0.3875	0.9404	0.8658	34.1786	22.3754	0.4266	0.9513	0.8667	31.8053	21.5766	0.4874	0.9669
11.9000	0.8451	49.4517	26.1789	0.1934	0.8860	0.8478	42.4348	24.2118	0.2766	0.9253	0.8496	37.7568	22.8984	0.3548	0.9518	0.8504	35.6930	22.3077	0.3970	0.9641	0.8514	32.8840	21.4913	0.4641	0.9816
12.0000	0.8293	56.6140	28.0918	0.1389	0.8041	0.8324	47.4455	25.7312	0.2173	0.8570	0.8343	41.3331	24.0869	0.2978	0.8982	0.8351	38.6365	23.3368	0.3438	0.9184	0.8363	34.9661	22.2604	0.4199	0.9498
12.1000	0.8134	53.6694	32.2897	0.1588	0.6266	0.8168	45.3933	28.9763	0.2395	0.7026	0.8190	39.8758	26.5574	0.3195	0.7689	0.8200	37.4417	25.4153	0.3641	0.8042	0.8213	34.1285	23.7631	0.4368	0.8604
12.2000	0.7977	51.9359	31.9810	0.1720	0.6324	0.8016	44.2038	28.5379	0.2536	0.7156	0.8040	39.0491	26.0627	0.3326	0.7869	0.8051	36.7750	24.9219	0.3761	0.8234	0.8066	33.6797	23.3266	0.4461	0.8788
12.3000	0.7824	56.0667	31.3676	0.1341	0.6298	0.7866	47.1252	27.9666	0.2077	0.7089	0.7893	41.1643	25.5908	0.2826	0.7737	0.7905	38.5344	24.5217	0.3251	0.8055	0.7922	34.9549	23.0547	0.3952	0.8521
12.4000	0.7670	59.2452	33.7884	0.1120	0.5373	0.7718	49.3741	29.9703	0.1799	0.6153	0.7748	42.7934	27.2891	0.2515	0.6809	0.7761	39.8902	26.0673	0.2931	0.7142	0.7779	35.9385	24.3563	0.3630	0.7652
12.5000	0.7517	56.0957	36.2631	0.1280	0.4613	0.7569	47.1995	31.9210	0.1979	0.5423	0.7603	41.2687	28.8308	0.2687	0.6133	0.7618	38.6522	27.4072	0.3089	0.6505	0.7637	35.0908	25.3993	0.3750	0.7087
12.6000	0.7367	60.4742	35.4418	0.1060	0.4884	0.7424	50.2886	31.1751	0.1723	0.5727	0.7461	43.4982	28.1866	0.2430	0.6449	0.7477	40.5025	26.8343	0.2844	0.6818	0.7499	36.4249	24.9675	0.3542	0.7374
12.7000	0.7216	60.3995	37.7894	0.1068	0.4296	0.7280	50.2695	32.9968	0.1731	0.5170	0.7321	43.5161	29.6146	0.2437	0.5945	0.7338	40.5367	28.0691	0.2849	0.6352	0.7362	36.4813	25.9057	0.3544	0.6989
12.8000	0.7068	60.0275	38.3810	0.1020	0.3954	0.7138	50.0419	33.3804	0.1644	0.4793	0.7182	43.3848	29.8617	0.2304	0.5539	0.7201	40.4479	28.2606	0.2688	0.5931	0.7227	36.4503	26.0336	0.3334	0.6539
12.9000	0.6922	60.5872	38.8172	0.1015	0.3909	0.6998	50.4579	33.7632	0.1645	0.4759	0.7046	43.7050	30.2410	0.2314	0.5507	0.7067	40.7257	28.6504	0.2705	0.5896	0.7095	36.6707	26.4512	0.3364	0.6494
13.0000	0.6778	59.6493	39.3039	0.1021	0.3684	0.6860	49.8185	34.1020	0.1635	0.4513	0.6912	43.2647	30.4792	0.2280	0.5245	0.6934	40.3733	28.8416	0.2654	0.5628	0.6964	36.4378	26.5733	0.3281	0.6220
13.1000	0.6638	57.5912	39.2199	0.1136	0.3705	0.6725	48.4027	34.0585	0.1773	0.4543	0.6781	42.2770	30.4900	0.2426	0.5274	0.6804	39.5745	28.8860	0.2799	0.5653	0.6836	35.8961	26.6758	0.3415	0.6232
13.2000	0.6501	57.6964	38.1871	0.1115	0.3856	0.6594	48.4913	33.2357	0.1741	0.4687	0.6652	42.3546	29.8479	0.2384	0.5395	0.6677	39.6472	28.3366	0.2750	0.5754	0.6711	35.9621	26.2681	0.3357	0.6296
13.3000	0.6367	60.8656	38.2209	0.0988	0.3921	0.6465	50.7219	33.3234	0.1600	0.4759	0.6526	43.9594	29.9781	0.2251	0.5472	0.6552	40.9760	28.4834	0.2631	0.5834	0.6588	36.9152	26.4297	0.3271	0.6383
13.4000	0.6234	61.1854	39.9714	0.0931	0.3441	0.6337	50.9685	34.6891	0.1511	0.4241	0.6402	44.1571	31.0244	0.2130	0.4947	0.6429	41.1521	29.3643	0.2492	0.5317	0.6466	37.0620	27.0551	0.3102	0.5895
13.5000	0.6103	62.6853	40.8375	0.0843	0.3205	0.6211	52.0556	35.3772	0.1389	0.3972	0.6279	44.9691	31.5875	0.1980	0.4656	0.6308	41.8427	29.8750	0.2329	0.5015	0.6346	37.5873	27.5037	0.2923	0.5574
13.6000	0.5972	61.8102	42.1853	0.0859	0.2926	0.6086	51.4820	36.4483	0.1399	0.3670	0.6158	44.5966	32.4601	0.1977	0.4342	0.6188	41.5589	30.6564	0.2315	0.4699	0.6228	37.4242	28.1559	0.2888	0.5257
13.7000	0.5844	62.4932	42.2252	0.0819	0.2874	0.5964	51.9932	36.4652	0.1343	0.3609	0.6038	44.9932	32.4860	0.1906	0.4267	0.6070	41.9049	30.6971	0.2238	0.4613	0.6112	37.7015	28.2325	0.2800	0.5150
13.8000	0.5718	57.9639	42.8749	0.1045	0.2826	0.5843	48.8499	36.9931	0.1624	0.3589	0.5921	42.7739	32.9354	0.2214	0.4274	0.5954	40.0933	31.1110	0.2550	0.4635	0.5998	36.4447	28.5941	0.3104	0.5198
13.9000	0.5597	55.4421	40.4146	0.1180	0.3194	0.5727	47.1087	35.0011	0.1777	0.3990	0.5807	41.5532	31.3351	0.2366	0.4672	0.5841	39.1022	29.7132	0.2695	0.5019	0.5887	35.7661	27.5117	0.3230	0.5540
14.0000	0.5481	61.3980	38.6289	0.0906	0.3552	0.5614	51.2839	33.6878	0.1463	0.4339	0.5697	44.5412	30.3936	0.2053	0.4986	0.5732	41.5665	28.9485	0.2397	0.5307	0.5778	37.5176	26.9941	0.2976	0.5780
14.1000	0.5365	61.5424	41.7184	0.0904	0.3018	0.5502	51.4085	36.1912	0.1460	0.3784	0.5587	44.6525	32.3922	0.2050	0.4460	0.5623	41.6720	30.6757	0.2393	0.4816	0.5671	37.6151	28.2867	0.2972	0.5374
14.2000	0.5250	61.6869	42.4439	0.0902	0.2905	0.5391	51.5330	36.6772	0.1457	0.3688	0.5478	44.7638	32.6983	0.2046	0.4391	0.5516	41.7774	30.9050	0.2390	0.4763	0.5565	37.7125	28.4278	0.2968	0.5344
14.3000	0.5136	62.0930	42.8456	0.0861	0.2774	0.5282	51.8426	36.9310	0.1396	0.3544	0.5372	45.0091	32.8668	0.1965	0.4236	0.5410	41.9942	31.0437	0.2298	0.4601	0.5461	37.8907	28.5354	0.2859	0.5169
14.4000	0.5025	61.8174	43.4389	0.0882	0.2704	0.5174	51.6738	37.4091	0.1424	0.3478	0.5267	44.9115	33.2783	0.1998	0.4175	0.5306	41.9281	31.4284	0.2333	0.4542	0.5359	37.8673	28.8839	0.2897	0.5115
14.5000	0.4915	61.2932	43.4725	0.0893	0.2662	0.5069	51.3339	37.4024	0.1431	0.3435	0.5164	44.6944	33.2560	0.1997	0.4128	0.5205	41.7653	31.4029	0.2326	0.4493	0.5258	37.7783	28.8593	0.2877	0.5061
14.6000	0.4809	60.8749	43.3627	0.0931	0.2714	0.4966	51.0744	37.3351	0.1483	0.3504	0.5064	44.5407	33.2358	0.2060	0.4209	0.5105	41.6582	31.4088	0.2393	0.4578	0.5160	37.7348	28.9058	0.2950	0.5151
14.7000	0.4704	57.2586	43.1212	0.1070	0.2664	0.4865	48.5639	37.1384	0.1631	0.3438	0.4965	42.7675	33.0790	0.2193	0.4124	0.5007	40.2102	31.2718	0.2509	0.4483	0.5063	36.7295	28.7977	0.3026	0.5036
14.8000	0.4604	57.4745	41.1665	0.1100	0.3026	0.4768	48.7453	35.6798	0.1678	0.3834	0.4869	42.9259	32.0167	0.2259	0.4520	0.4912	40.3585	30.4064	0.2585	0.4866	0.4969	36.8639	28.2258	0.3120	0.5387
14.9000	0.4507	58.2568	40.8913	0.1004	0.2929	0.4673	49.3168	35.5164	0.1545	0.3684	0.4775	43.3568	31.9165	0.2091	0.4322	0.4819	40.7274	30.3243	0.2400	0.4645	0.4876	37.1484	28.1519	0.2909	0.5135
15.0000	0.4411	59.5159	41.6318	0.0991	0.2917	0.4579	50.2164	36.2159	0.1547	0.3681	0.4683	44.0167	32.5674	0.2116	0.4335	0.4727	41.2816	30.9451	0.2441	0.4671	0.4785	37.5588	28.7212	0.2979	0.5183
15.1000	0.4316	59.8954	42.4133	0.0952	0.2742	0.4486	50.5061	36.7548	0.1491	0.3498	0.4592	44.2465	32.9115	0.2044	0.4160	0.4636	41.4849	31.1946	0.2361	0.4504	0.4695	37.7261	28.8363	0.2886	0.5035
15.2000	0.4223	58.8214	43.0079	0.0976	0.2593	0.4395	49.7752	37.2176	0.1507	0.3328	0.4502	43.7445	33.2910	0.2046	0.3973	0.4547	41.0838	31.5409	0.2351	0.4308	0.4607	37.4624	29.1422	0.2854	0.4825
15.3000	0.4132	58.5459	42.6893	0.0968	0.2582	0.4306	49.6064	36.9886	0.1489	0.3301	0.4415	43.6467	33.1494	0.2014	0.3923	0.4460	41.0174	31.4478	0.2311	0.4243	0.4521	37.4387	29.1259	0.2799	0.4732
15.4000	0.4042	58.5488	42.6805	0.0991	0.2623	0.4219	49.6296	37.0337	0.1522	0.3352	0.4328	43.6835	33.2397	0.2058	0.3980	0.4375	41.0602	31.5587	0.2361	0.4303	0.4436	37.4896	29.2639	0.2858	0.4795
15.5000	0.3955	56.9986	42.6762	0.1047	0.2572	0.4134	48.5685	37.0169	0.1576	0.3292	0.4244	42.9484	33.2112	0.2100	0.3913	0.4291	40.4689	31.5237	0.2392	0.4232	0.4352	37.0941	29.2191	0.2867	0.4720
15.6000	0.3871	56.8383	41.9001	0.1071	0.2702	0.4050	48.4684	36.4587	0.1609	0.3431	0.4162	42.8884	32.8273	0.2140	0.4048	0.4208	40.4267	31.2266	0.2435	0.4360	0.4270	37.0760	29.0512	0.2916	0.4832
15.7000	0.3788	55.5294	41.7008	0.1037	0.2516	0.3969	47.5788	36.3229	0.1531	0.3175	0.4081	42.2785	32.7309	0.2010	0.3730	0.4128	39.9401	31.1444	0.2274	0.4011	0.4190	36.7573	28.9836	0.2700	0.4434
15.8000	0.3707	52.7561	41.3485	0.1282	0.2716	0.3889	45.6649	36.2142	0.1825	0.3407	0.4001	40.9375	32.8071	0.2333	0.3977	0.4049	38.8519	31.3085	0.2607	0.4262	0.4112	36.0132	29.2725	0.3041	0.4688
15.9000	0.3630	55.9082	39.3060	0.1104	0.3027	0.3812	47.8896	34.5898	0.1633	0.3726	0.3924	42.5438	31.4927	0.2148	0.4286	0.3972	40.1853	30.1424	0.2432	0.4559	0.4035	36.9752	28.3244	0.2891	0.4958
16.0000	0.3553	55.9770	41.0426	0.1095	0.2744	0.3736	47.9558	36.0110	0.1621	0.3426	0.3849	42.6083	32.6402	0.2131	0.3995	0.3896	40.2491	31.1429	0.2413	0.4283	0.3959	37.0379	29.0901	0.2868	0.4719
16.1000	0.3478	55.7865	41.4335	0.1051	0.2569	0.3661	47.8373	36.2821	0.1550	0.3222	0.3774	42.5377	32.8280	0.2034	0.3770	0.3822	40.1997	31.2979	0.2300	0.4046	0.3885	37.0174	29.2103	0.2730	0.4463
16.2000	0.3404	55.1839	41.7079	0.1101	0.2560	0.3587	47.4365	36.5441	0.1610	0.3218	0.3700	42.2717	33.0960	0.2099	0.3767	0.3748	39.9930	31.5732	0.2367	0.4043	0.3812	36.8916	29.4992	0.2797	0.4459
16.3000	0.3332	56.5042	41.3841	0.1094	0.2724	0.3515	48.3942	36.2771	0.1623	0.3426	0.3628	42.9875	32.8790	0.2139	0.4009	0.3676	40.6022	31.3823	0.2424	0.4302	0.3740	37.3555	29.3492	0.2886	0.4740
16.4000	0.3260	51.7504	42.0218	0.1359	0.2592	0.3444	45.0966	36.7172	0.1896	0.3298	0.3558	40.6607	33.1662	0.2390	0.3895	0.3606	38.7037	31.5943	0.2653	0.4198	0.3669	36.0400	29.4497	0.3065	0.4657
16.5000	0.3192	50.8745	39.2072	0.1428	0.3012	0.3375	44.5166	34.5765	0.1967	0.3722	0.3489	40.2780	31.5636	0.2455	0.4281	0.3537	38.4081	30.2605	0.2714	0.4552	0.3601	35.8628	28.5173	0.3116	0.4942
16.6000	0.3126	47.8408	38.2887	0.1629	0.3095	0.3309	42.4140	33.9987	0.2151	0.3764	0.3422	38.7962	31.2111	0.2606	0.4281	0.3470	37.2001	29.9999	0.2841	0.4529	0.3534	35.0276	28.3681	0.3200	0.4888
16.7000	0.3063	48.2118	36.3276	0.1563	0.3367	0.3245	42.6887	32.6093	0.2074	0.3980	0.3357	39.0066	30.2306	0.2520	0.4429	0.3405	37.3822	29.2089	0.2751	0.4637	0.3468	35.1711	27.8463	0.3105	0.4929
16.8000	0.3002	48.6404	36.4248	0.1588	0.3449	0.3182	43.0070	32.8257	0.2116	0.4057	0.3294	39.2513	30.4909	0.2581	0.4509	0.3341	37.5944	29.4742	0.2822	0.4722	0.3403	35.3392	28.1010	0.3192	0.5026
16.9000	0.2941	47.8495	36.5878	0.1531	0.3193	0.3120	42.4680	32.9341	0.2018	0.3759	0.3231	38.8804	30.5361	0.2440	0.4187	0.3278	37.2976	29.4861	0.2658	0.4390	0.3340	35.1433	28.0656	0.2990	0.4681
17.0000	0.2882	48.9616	36.4998	0.1472	0.3248	0.3059	43.2557	32.9795	0.1969	0.3800	0.3169	39.4517	30.6860	0.2406	0.4210	0.3216	37.7734	29.6877	0.2633	0.4403	0.3278	35.4892	28.3422	0.2983	0.4676
