14.92
14.92
14.79
14.84
15.03
15.03
14.98
14.85
14.70
14.57
14.32
14.21
14.10
13.99
13.78
13.61
13.49
13.34
13.26
13.07
12.87
12.77
12.65
12.49
12.41
12.24
12.08
11.97
11.82
11.57
11.42
11.13
11.02
10.92
10.64
10.68
10.43
10.28
10.13
10.01
9.83
9.66
9.54
9.44
9.34
9.25
9.12
9.05
9.00
8.94
8.87
8.81
8.66
8.60
8.60
8.42
8.40
8.30
8.17
8.11
7.96
7.89
7.78
7.56
7.47
7.42
7.30
7.24
7.13
7.04
6.89
6.82
6.77
6.63
6.57
6.51
6.38
6.34
6.23
6.14
6.01
5.96
5.89
5.85
5.75
5.70
5.59
5.52
5.49
5.43
5.38
5.33
5.26
5.26
5.17
5.14
5.09
5.09
5.08
4.99
5.02
4.93
4.95
4.86
4.79
4.82
4.83
4.78
4.75
4.75
4.74
4.66
4.75
4.77
4.79
4.84
4.84
4.84
4.82
4.80