0.0000
0.0833
0.1667
0.2500
0.3333
0.4167
0.5000
0.5833
0.6667
0.7500
0.8333
0.9167
1.0000
1.0833
1.1667
1.2500
1.3333
1.4167
1.5000
1.5833
1.6667
1.7500
1.8333
1.9167
2.0000
2.0833
2.1667
2.2500
2.3333
2.4167
2.5000
2.5833
2.6667
2.7500
2.8333
2.9167
3.0000
3.0833
3.1667
3.2500
3.3333
3.4167
3.5000
3.5833
3.6667
3.7500
3.8333
3.9167
4.0000
4.0833
4.1667
4.2500
4.6511
4.7014
4.7500
4.8333
4.9167
5.0000
5.0833
5.1667
5.2500
5.3333
5.4167
5.5000
5.5833
5.6667
5.7500
5.8333
5.9167
6.0000
6.0833
6.1667
6.2500
6.3333
6.4167
6.5000
6.5833
6.6667
6.7500
6.8333
6.9167
7.0000
7.0833
7.1667
7.2500
7.3333
7.4167
7.5000
7.5833
7.6667
7.7500
7.8333
7.9167
8.0000
8.0833
8.1667
8.2500
8.3333
8.4167
8.5000
8.5833
8.6667
8.7500
8.8333
8.9167
9.0000
9.0833
9.1667
9.2500
9.3333
9.4167
9.5000
9.5833
9.6667
9.7500
9.8333
9.9167
10.0000
10.0833
10.1667